// Skill Requirements Database
//
// Structure of Database:
// SkillID,HPCost,MaxHPTrigger,SPCost,HPRateCost,SPRateCost,ZenyCost,RequiredWeapons,RequiredAmmoTypes,RequiredAmmoAmount,RequiredState,SpiritSphereCost,RequiredItemID1,RequiredItemAmount1,RequiredItemID2,RequiredItemAmount2,RequiredItemID3,RequiredItemAmount3,RequiredItemID4,RequiredItemAmount4,RequiredItemID5,RequiredItemAmount5,RequiredItemID6,RequiredItemAmount6,RequiredItemID7,RequiredItemAmount7,RequiredItemID8,RequiredItemAmount8,RequiredItemID9,RequiredItemAmount9,RequiredItemID10,RequiredItemAmount10
//
// 01 ID
// 02 HP cost
// 03 Max HP trigger
// 04 SP cost
// 05 HP rate
//	If positive, it is a percent of your current hp, otherwise it is a percent of your max hp.
// 06 SP rate
//	If positive, it is a percent of your current sp, otherwise it is a percent of your max sp.
// 07 Zeny cost
// 08 Required Weapon
//	See doc/item_db.txt for weapon types
//	99 any weapon **includes bare fists**
//	To include more than one weapon type use type1:type2:type3
// 09 Required Ammo
//	See doc/item_db.txt for ammo types
//	99 any ammo type
//	To include more than one ammo type use type1:type2:type3
// 10 Required ammo ammount
// 11 Required State
//	none = Nothing special
//	move_enable = Requires to be able to move
//	recover_weight_rate = Requires to be less than 50% weight
//	water = Requires to be standing on a water cell
//	cart = Requires a Pushcart
//	riding = Requires to ride either a peco or a dragon
//	falcon = Requires a Falcon
//	sight = Requires Sight skill activated
//	hiding = Requires Hiding skill activated
//	cloaking = Requires Cloaking skill activated
//	explosionspirits = Requires Fury skill activated
//	cartboost = Requires a Pushcart and Cart Boost skill activated
//	shield = Requires a 0,shield equipped
//	warg = Requires a Warg
//	dragon = Requires to ride a Dragon
//	ridingwarg = Requires to ride a Warg
//	mado = Requires to have an active mado
//	poisonweapon = Requires to be under Poisoning Weapon.
//	rollingcutter = Requires at least one Rotation Counter from Rolling Cutter.
//	elementalspirit = Requires to have an Elemental Spirit summoned.
//	mh_fighting = Requires Eleanor fighthing mode
//	mh_grappling = Requires Eleanor grappling mode
//	peco = Requires riding a peco
// 12 Spirit sphere cost

5,0,0,8:8:8:8:8:15:15:15:15:15,0,0,0,0:1:2:3:4:5:6:7:8:9:10:12:13:14:15:16:17:18:19:20:21:22,0,0,none,0,0,0,0,0,0,0,0,0,0,0,0,0,0,0,0,0,0,0,0,0	//SM_BASH#バッシュ#
6,0,0,4:5:6:7:8:9:10:11:12:13,0,0,0,99,0,0,none,0,0,0,0,0,0,0,0,0,0,0,0,0,0,0,0,0,0,0,0,0	//SM_PROVOKE#プロボック#
7,20:20:19:19:18:18:17:17:16:16,0,30,0,0,0,99,0,0,none,0,0,0,0,0,0,0,0,0,0,0,0,0,0,0,0,0,0,0,0,0	//SM_MAGNUM#マグナムブレイク#
8,0,0,10,0,0,0,99,0,0,none,0,0,0,0,0,0,0,0,0,0,0,0,0,0,0,0,0,0,0,0,0	//SM_ENDURE#インデュア#

10,0,0,10,0,0,0,99,0,0,none,0,0,0,0,0,0,0,0,0,0,0,0,0,0,0,0,0,0,0,0,0	//MG_SIGHT#サイト#
11,0,0,9:9:9:12:12:12:15:15:15:18,0,0,0,99,0,0,none,0,0,0,0,0,0,0,0,0,0,0,0,0,0,0,0,0,0,0,0,0	//MG_NAPALMBEAT#ナパ?ムビ?ト#
12,0,0,30:30:30:35:35:35:40:40:40:40,0,0,0,99,0,0,none,0,717,1,0,0,0,0,0,0,0,0,0,0,0,0,0,0,0,0,0,0	//MG_SAFETYWALL#セイフティウォ?ル#
13,0,0,18:14:24:20:30:26:36:32:42:38,0,0,0,99,0,0,none,0,0,0,0,0,0,0,0,0,0,0,0,0,0,0,0,0,0,0,0,0	//MG_SOULSTRIKE#ソウルストライク#
14,0,0,12:14:16:18:20:22:24:26:28:30,0,0,0,99,0,0,none,0,0,0,0,0,0,0,0,0,0,0,0,0,0,0,0,0,0,0,0,0	//MG_COLDBOLT#コ?ルドボルト#
15,0,0,25:24:23:22:21:20:19:18:17:16,0,0,0,99,0,0,none,0,0,0,0,0,0,0,0,0,0,0,0,0,0,0,0,0,0,0,0,0	//MG_FROSTDIVER#フロストダイバ?#
16,0,0,25:24:23:22:21:20:19:18:17:16,0,0,0,99,0,0,none,0,716,1,0,0,0,0,0,0,0,0,0,0,0,0,0,0,0,0,0,0	//MG_STONECURSE#スト?ンカ?ス#
17,0,0,25,0,0,0,99,0,0,none,0,0,0,0,0,0,0,0,0,0,0,0,0,0,0,0,0,0,0,0,0	//MG_FIREBALL#ファイア?ボ?ル#
18,0,0,40,0,0,0,99,0,0,none,0,0,0,0,0,0,0,0,0,0,0,0,0,0,0,0,0,0,0,0,0	//MG_FIREWALL#ファイア?ウォ?ル#
19,0,0,12:14:16:18:20:22:24:26:28:30,0,0,0,99,0,0,none,0,0,0,0,0,0,0,0,0,0,0,0,0,0,0,0,0,0,0,0,0	//MG_FIREBOLT#ファイア?ボルト#
20,0,0,12:14:16:18:20:22:24:26:28:30,0,0,0,99,0,0,none,0,0,0,0,0,0,0,0,0,0,0,0,0,0,0,0,0,0,0,0,0	//MG_LIGHTNINGBOLT#ライトニングボルト#
21,0,0,29:34:39:44:49:54:59:64:69:74,0,0,0,99,0,0,none,0,0,0,0,0,0,0,0,0,0,0,0,0,0,0,0,0,0,0,0,0	//MG_THUNDERSTORM#サンダ?スト?ム#

24,0,0,10,0,0,0,99,0,0,none,0,0,0,0,0,0,0,0,0,0,0,0,0,0,0,0,0,0,0,0,0	//AL_RUWACH#ルアフ#
25,0,0,10,0,0,0,99,0,0,none,0,0,0,0,0,0,0,0,0,0,0,0,0,0,0,0,0,0,0,0,0	//AL_PNEUMA#ニュ?マ#
26,0,0,10:9,0,0,0,99,0,0,none,0,0,0,0,0,0,0,0,0,0,0,0,0,0,0,0,0,0,0,0,0	//AL_TELEPORT#テレポ?ト#
27,0,0,35:32:29:26,0,0,0,99,0,0,none,0,717,1,0,0,0,0,0,0,0,0,0,0,0,0,0,0,0,0,0,0 //AL_WARP#ワ?プポ?タル#
28,0,0,13:16:19:22:25:28:31:34:37:40,0,0,0,99,0,0,none,0,0,0,0,0,0,0,0,0,0,0,0,0,0,0,0,0,0,0,0,0	//AL_HEAL#ヒ?ル#
29,15,0,18:21:24:27:30:33:36:39:42:45,0,0,0,99,0,0,none,0,0,0,0,0,0,0,0,0,0,0,0,0,0,0,0,0,0,0,0,0	//AL_INCAGI#速度?加#
30,0,0,15:17:19:21:23:25:27:29:31:33,0,0,0,99,0,0,none,0,0,0,0,0,0,0,0,0,0,0,0,0,0,0,0,0,0,0,0,0		//AL_DECAGI#速度減少#
31,0,0,10,0,0,0,99,0,0,water,0,0,0,0,0,0,0,0,0,0,0,0,0,0,0,0,0,0,0,0,0	//AL_HOLYWATER#アクアベネディクタ#
32,0,0,35,0,0,0,99,0,0,none,0,0,0,0,0,0,0,0,0,0,0,0,0,0,0,0,0,0,0,0,0	//AL_CRUCIS#シグナムクルシス#
33,0,0,23:26:29:32:35:38:41:44:47:50,0,0,0,99,0,0,none,0,0,0,0,0,0,0,0,0,0,0,0,0,0,0,0,0,0,0,0,0	//AL_ANGELUS#エンジェラス#
34,0,0,28:32:36:40:44:48:52:56:60:64,0,0,0,99,0,0,none,0,0,0,0,0,0,0,0,0,0,0,0,0,0,0,0,0,0,0,0,0	//AL_BLESSING#ブレッシング#
35,0,0,15,0,0,0,99,0,0,none,0,0,0,0,0,0,0,0,0,0,0,0,0,0,0,0,0,0,0,0,0	//AL_CURE#キュア?#

40,0,0,10,0,0,0,99,0,0,none,0,0,0,0,0,0,0,0,0,0,0,0,0,0,0,0,0,0,0,0,0	//MC_IDENTIFY#アイテム鑑定#
41,0,0,30,0,0,0,99,0,0,cart,0,0,0,0,0,0,0,0,0,0,0,0,0,0,0,0,0,0,0,0,0	//MC_VENDING#露店開設#
42,0,0,5,0,0,100:200:300:400:500:600:700:800:900:1000,99,0,0,none,0,0,0,0,0,0,0,0,0,0,0,0,0,0,0,0,0,0,0,0,0	//MC_MAMMONITE#メマ?ナイト#

45,0,0,25:30:35:40:45:50:55:60:65:70,0,0,0,99,0,0,none,0,0,0,0,0,0,0,0,0,0,0,0,0,0,0,0,0,0,0,0,0	//AC_CONCENTRATION#集中力向上#
46,0,0,12,0,0,0,11,1,1,none,0,0,0,0,0,0,0,0,0,0,0,0,0,0,0,0,0,0,0,0,0	//AC_DOUBLE#ダブルストレイフィング#
47,0,0,15,0,0,0,11,1,1,none,0,0,0,0,0,0,0,0,0,0,0,0,0,0,0,0,0,0,0,0,0	//AC_SHOWER#アロ?シャワ?#

50,0,0,10,0,0,0,99,0,0,none,0,0,0,0,0,0,0,0,0,0,0,0,0,0,0,0,0,0,0,0,0	//TF_STEAL#スティ?ル#
51,0,0,10,0,0,0,99,0,0,none,0,0,0,0,0,0,0,0,0,0,0,0,0,0,0,0,0,0,0,0,0	//TF_HIDING#ハイディング#
52,0,0,12,0,0,0,99,0,0,none,0,0,0,0,0,0,0,0,0,0,0,0,0,0,0,0,0,0,0,0,0	//TF_POISON#インベナム#
53,0,0,10,0,0,0,99,0,0,none,0,0,0,0,0,0,0,0,0,0,0,0,0,0,0,0,0,0,0,0,0	//TF_DETOXIFY#解毒#
54,0,0,60,0,0,0,99,0,0,none,0,717,1,0,0,0,0,0,0,0,0,0,0,0,0,0,0,0,0,0,0	//ALL_RESURRECTION#リザレクション#

56,0,0,7,0,0,0,4:5,0,0,none,0,0,0,0,0,0,0,0,0,0,0,0,0,0,0,0,0,0,0,0,0	//KN_PIERCE#ピア?ス#
57,0,0,12,0,0,0,4:5,0,0,riding,0,0,0,0,0,0,0,0,0,0,0,0,0,0,0,0,0,0,0,0,0	//KN_BRANDISHSPEAR#ブランディッシュスピア#
58,0,0,9,0,0,0,4:5,0,0,none,0,0,0,0,0,0,0,0,0,0,0,0,0,0,0,0,0,0,0,0,0	//KN_SPEARSTAB#スピアスタブ#
59,0,0,10,0,0,0,4:5,0,0,none,0,0,0,0,0,0,0,0,0,0,0,0,0,0,0,0,0,0,0,0,0	//KN_SPEARBOOMERANG#スピアブ?メラン#
60,0,0,14:18:22:26:30:34:38:42:46:50,0,0,0,3,0,0,none,0,0,0,0,0,0,0,0,0,0,0,0,0,0,0,0,0,0,0,0,0	//KN_TWOHANDQUICKEN#ツ?ハンドクイッケン#
61,0,0,3,0,0,0,0:1:2:3:4:5:6:7:8:9:10:12:13:14:15:16:17:18:19:20:21:22,0,0,none,0,0,0,0,0,0,0,0,0,0,0,0,0,0,0,0,0,0,0,0,0	//KN_AUTOCOUNTER#オ?トカウンタ?#
62,0,0,13:14:15:16:17:18:19:20:21:22,0,0,0,99,0,0,none,0,0,0,0,0,0,0,0,0,0,0,0,0,0,0,0,0,0,0,0,0	//KN_BOWLINGBASH#ボウリングバッシュ#

66,0,0,13:16:19:22:25,0,0,0,99,0,0,none,0,0,0,0,0,0,0,0,0,0,0,0,0,0,0,0,0,0,0,0,0	//PR_IMPOSITIO#イムポシティオマヌス#
67,0,0,8,0,0,0,99,0,0,none,0,0,0,0,0,0,0,0,0,0,0,0,0,0,0,0,0,0,0,0,0	//PR_SUFFRAGIUM#サフラギウム#
68,0,0,14:18:22:26:30,0,0,0,99,0,0,none,0,523,1,0,0,0,0,0,0,0,0,0,0,0,0,0,0,0,0,0,0	//PR_ASPERSIO#アスペルシオ#
69,0,0,20,0,0,0,99,0,0,none,0,0,0,0,0,0,0,0,0,0,0,0,0,0,0,0,0,0,0,0,0	//PR_BENEDICTIO#聖?降福#
70,0,0,15:18:21:24:27:30:33:36:39:42,0,0,0,99,0,0,none,0,717,1,0,0,0,0,0,0,0,0,0,0,0,0,0,0,0,0,0,0	//PR_SANCTUARY#サンクチュアリ#
71,0,0,6:8:10:12,0,0,0,99,0,0,none,0,0,0,0,0,0,0,0,0,0,0,0,0,0,0,0,0,0,0,0,0	//PR_SLOWPOISON#スロ?ポイズン#
72,0,0,5,0,0,0,99,0,0,none,0,0,0,0,0,0,0,0,0,0,0,0,0,0,0,0,0,0,0,0,0	//PR_STRECOVERY#リカバリ?#
73,0,0,20:20:20:25:25:25:30:30:30:35,0,0,0,99,0,0,none,0,0,0,0,0,0,0,0,0,0,0,0,0,0,0,0,0,0,0,0,0	//PR_KYRIE#キリエエレイソン#
74,0,0,40,0,0,0,99,0,0,none,0,0,0,0,0,0,0,0,0,0,0,0,0,0,0,0,0,0,0,0,0	//PR_MAGNIFICAT#マグニフィカ?ト#
75,0,0,20,0,0,0,99,0,0,none,0,0,0,0,0,0,0,0,0,0,0,0,0,0,0,0,0,0,0,0,0	//PR_GLORIA#グロリア#
76,0,0,20:20:20:20:20:18:16:14:12:10,0,0,0,99,0,0,none,0,0,0,0,0,0,0,0,0,0,0,0,0,0,0,0,0,0,0,0,0	//PR_LEXDIVINA#レックスディビ?ナ#
77,0,0,20,0,0,0,99,0,0,none,0,0,0,0,0,0,0,0,0,0,0,0,0,0,0,0,0,0,0,0,0	//PR_TURNUNDEAD#タ?ンアンデッド#
78,0,0,10,0,0,0,99,0,0,none,0,0,0,0,0,0,0,0,0,0,0,0,0,0,0,0,0,0,0,0,0	//PR_LEXAETERNA#レックスエ?テルナ#
79,0,0,40:42:44:46:48:50:52:54:56:58,0,0,0,99,0,0,none,0,717,1,0,0,0,0,0,0,0,0,0,0,0,0,0,0,0,0,0,0	//PR_MAGNUS#マグヌスエクソシズム#
80,0,0,75,0,0,0,99,0,0,none,0,717,1,0,0,0,0,0,0,0,0,0,0,0,0,0,0,0,0,0,0	//WZ_FIREPILLAR#ファイア?ピラ?#
81,0,0,35:37:39:41:43:45:47:49:51:53,0,0,0,99,0,0,sight,0,0,0,0,0,0,0,0,0,0,0,0,0,0,0,0,0,0,0,0,0	//WZ_SIGHTRASHER#サイトラッシャ?#
83,0,0,20:24:30:34:40:44:50:54:60:64,0,0,0,99,0,0,none,0,0,0,0,0,0,0,0,0,0,0,0,0,0,0,0,0,0,0,0,0	//WZ_METEOR#メテオスト?ム#
84,0,0,20:23:26:29:32:35:38:41:44:47,0,0,0,99,0,0,none,0,0,0,0,0,0,0,0,0,0,0,0,0,0,0,0,0,0,0,0,0	//WZ_JUPITEL#ユピテルサンダ?#
85,0,0,60:64:68:72:76:80:84:88:92:96,0,0,0,99,0,0,none,0,0,0,0,0,0,0,0,0,0,0,0,0,0,0,0,0,0,0,0,0	//WZ_VERMILION#ロ?ドオブヴァ?ミリオン#
86,0,0,15:20:20:25:25:25:25:25:25:25,0,0,0,99,0,0,water,0,0,0,0,0,0,0,0,0,0,0,0,0,0,0,0,0,0,0,0,0	//WZ_WATERBALL#ウォ?タ?ボ?ル#
87,0,0,20,0,0,0,99,0,0,none,0,0,0,0,0,0,0,0,0,0,0,0,0,0,0,0,0,0,0,0,0	//WZ_ICEWALL#アイスウォ?ル#
88,0,0,45:43:41:39:37:35:33:31:29:27,0,0,0,99,0,0,none,0,0,0,0,0,0,0,0,0,0,0,0,0,0,0,0,0,0,0,0,0	//WZ_FROSTNOVA#フロストノヴァ#
89,0,0,78,0,0,0,99,0,0,none,0,0,0,0,0,0,0,0,0,0,0,0,0,0,0,0,0,0,0,0,0	//WZ_STORMGUST#スト?ムガスト#
90,0,0,12:14:16:18:20,0,0,0,99,0,0,none,0,0,0,0,0,0,0,0,0,0,0,0,0,0,0,0,0,0,0,0,0	//WZ_EARTHSPIKE#ア?ススパイク#
91,0,0,28:32:36:40:44,0,0,0,99,0,0,none,0,0,0,0,0,0,0,0,0,0,0,0,0,0,0,0,0,0,0,0,0	//WZ_HEAVENDRIVE#ヘヴンズドライブ#
92,0,0,5:10:15:20:25,0,0,0,99,0,0,none,0,0,0,0,0,0,0,0,0,0,0,0,0,0,0,0,0,0,0,0,0	//WZ_QUAGMIRE#クァグマイア#
93,0,0,10,0,0,0,99,0,0,none,0,0,0,0,0,0,0,0,0,0,0,0,0,0,0,0,0,0,0,0,0	//WZ_ESTIMATION#モンスタ?情報#

108,0,0,30,0,0,0,99,0,0,none,0,0,0,0,0,0,0,0,0,0,0,0,0,0,0,0,0,0,0,0,0	//BS_REPAIRWEAPON#武器修理#

110,0,0,10,0,0,0,1:2:6:7:8,0,0,none,0,0,0,0,0,0,0,0,0,0,0,0,0,0,0,0,0,0,0,0,0	//BS_HAMMERFALL#ハンマ?フォ?ル#
111,0,0,20:23:26:29:32,0,0,0,6:7:8,0,0,none,0,0,0,0,0,0,0,0,0,0,0,0,0,0,0,0,0,0,0,0,0	//BS_ADRENALINE#アドレナリンラッシュ#
112,0,0,18:16:14:12:10,0,0,0,99,0,0,none,0,0,0,0,0,0,0,0,0,0,0,0,0,0,0,0,0,0,0,0,0	//BS_WEAPONPERFECT#ウェポンパ?フェクション#
113,0,0,18:16:14:12:10,0,0,0,99,0,0,none,0,0,0,0,0,0,0,0,0,0,0,0,0,0,0,0,0,0,0,0,0	//BS_OVERTHRUST#オ?バ?トラスト#
114,0,0,10,0,0,0,99,0,0,none,0,0,0,0,0,0,0,0,0,0,0,0,0,0,0,0,0,0,0,0,0	//BS_MAXIMIZE#マキシマイズパワ?#
115,0,0,10,0,0,0,99,0,0,none,0,1065,1,0,0,0,0,0,0,0,0,0,0,0,0,0,0,0,0,0,0	//HT_SKIDTRAP#スキッドトラップ#
116,0,0,10,0,0,0,99,0,0,none,0,1065,1,0,0,0,0,0,0,0,0,0,0,0,0,0,0,0,0,0,0	//HT_LANDMINE#ランドマイン#
117,0,0,12,0,0,0,99,0,0,none,0,1065,1,0,0,0,0,0,0,0,0,0,0,0,0,0,0,0,0,0,0	//HT_ANKLESNARE#アンクルスネア#
118,0,0,45,0,0,0,99,0,0,none,0,1065,2,0,0,0,0,0,0,0,0,0,0,0,0,0,0,0,0,0,0	//HT_SHOCKWAVE#ショックウェ?ブトラップ#
119,0,0,12,0,0,0,99,0,0,none,0,1065,1,0,0,0,0,0,0,0,0,0,0,0,0,0,0,0,0,0,0	//HT_SANDMAN#サンドマン#
120,0,0,12,0,0,0,99,0,0,none,0,1065,2,0,0,0,0,0,0,0,0,0,0,0,0,0,0,0,0,0,0	//HT_FLASHER#フラッシャ?#
121,0,0,10,0,0,0,99,0,0,none,0,1065,2,0,0,0,0,0,0,0,0,0,0,0,0,0,0,0,0,0,0	//HT_FREEZINGTRAP#フリ?ジングトラップ#
122,0,0,10,0,0,0,99,0,0,none,0,1065,1,0,0,0,0,0,0,0,0,0,0,0,0,0,0,0,0,0,0	//HT_BLASTMINE#ブラストマイン#
123,0,0,15,0,0,0,99,0,0,none,0,1065,2,0,0,0,0,0,0,0,0,0,0,0,0,0,0,0,0,0,0	//HT_CLAYMORETRAP#クレイモアトラップ#
124,0,0,5,0,0,0,99,0,0,none,0,0,0,0,0,0,0,0,0,0,0,0,0,0,0,0,0,0,0,0,0	//HT_REMOVETRAP#リム?ブトラップ#
125,0,0,1,0,0,0,99,0,0,none,0,1065,1,0,0,0,0,0,0,0,0,0,0,0,0,0,0,0,0,0,0	//HT_TALKIEBOX#ト?キ?ボックス#

129,0,0,10:13:16:19:22,0,0,0,99,0,0,falcon,0,0,0,0,0,0,0,0,0,0,0,0,0,0,0,0,0,0,0,0,0	//HT_BLITZBEAT#ブリッツビ?ト#
130,0,0,8,0,0,0,99,0,0,falcon,0,0,0,0,0,0,0,0,0,0,0,0,0,0,0,0,0,0,0,0,0	//HT_DETECTING#ディテクティング#
131,0,0,10,0,0,0,99,0,0,falcon,0,0,0,0,0,0,0,0,0,0,0,0,0,0,0,0,0,0,0,0,0	//HT_SPRINGTRAP#スプリングトラップ#

135,0,0,15,0,0,0,99,0,0,none,0,0,0,0,0,0,0,0,0,0,0,0,0,0,0,0,0,0,0,0,0	//AS_CLOAKING#クロ?キング#
136,0,0,16:18:20:22:24:26:28:30:32:34,0,0,0,16,0,0,none,0,0,0,0,0,0,0,0,0,0,0,0,0,0,0,0,0,0,0,0,0	//AS_SONICBLOW#ソニックブロ?#
137,0,0,3,0,0,0,16,0,0,hiding,0,0,0,0,0,0,0,0,0,0,0,0,0,0,0,0,0,0,0,0,0	//AS_GRIMTOOTH#グリムトゥ?ス#
138,0,0,20,0,0,0,99,0,0,none,0,0,0,0,0,0,0,0,0,0,0,0,0,0,0,0,0,0,0,0,0	//AS_ENCHANTPOISON#エンチャントポイズン#
139,0,0,25:30:35:40:45:50:55:60:45:45,0,0,0,99,0,0,none,0,0,0,0,0,0,0,0,0,0,0,0,0,0,0,0,0,0,0,0,0	//AS_POISONREACT#ポイズンリアクト#
140,0,0,20,0,0,0,99,0,0,none,0,716,1,0,0,0,0,0,0,0,0,0,0,0,0,0,0,0,0,0,0	//AS_VENOMDUST#ベナムダスト#
141,0,0,12:14:16:18:20:22:24:26:28:30,0,0,0,99,0,0,none,0,716,1,0,0,0,0,0,0,0,0,0,0,0,0,0,0,0,0,0,0	//AS_SPLASHER#ベナムスプラッシャ?#

//===== 1st Jobs Quest Skills===============

142,0,0,3,0,0,0,99,0,0,none,0,0,0,0,0,0,0,0,0,0,0,0,0,0,0,0,0,0,0,0,0	//NV_FIRSTAID#?急手?#
143,0,0,5,0,0,0,99,0,0,none,0,0,0,0,0,0,0,0,0,0,0,0,0,0,0,0,0,0,0,0,0	//NV_TRICKDEAD#死んだふり#
146,0,0,1,0,0,0,99,0,0,none,0,0,0,0,0,0,0,0,0,0,0,0,0,0,0,0,0,0,0,0,0	//SM_AUTOBERSERK#オ?トバ?サ?ク#
147,0,0,10,0,0,0,99,0,0,recover_weight_rate,0,0,0,0,0,0,0,0,0,0,0,0,0,0,0,0,0,0,0,0,0	//AC_MAKINGARROW#矢作成#
148,0,0,15,0,0,0,11,1,1,none,0,0,0,0,0,0,0,0,0,0,0,0,0,0,0,0,0,0,0,0,0	//AC_CHARGEARROW#チャ?ジアロ?#
149,0,0,9,0,0,0,99,0,0,none,0,0,0,0,0,0,0,0,0,0,0,0,0,0,0,0,0,0,0,0,0	//TF_SPRINKLESAND#砂まき#
150,0,0,7,0,0,0,99,0,0,none,0,0,0,0,0,0,0,0,0,0,0,0,0,0,0,0,0,0,0,0,0	//TF_BACKSLIDING#バックステップ#
151,0,0,3,0,0,0,99,0,0,recover_weight_rate,0,0,0,0,0,0,0,0,0,0,0,0,0,0,0,0,0,0,0,0,0	//TF_PICKSTONE#石拾い#
152,0,0,2,0,0,0,99,0,0,none,0,7049,1,0,0,0,0,0,0,0,0,0,0,0,0,0,0,0,0,0,0	//TF_THROWSTONE#石投げ#
153,0,0,12,0,0,0,99,0,0,cart,0,0,0,0,0,0,0,0,0,0,0,0,0,0,0,0,0,0,0,0,0	//MC_CARTREVOLUTION#カ?トレボリュ?ション#
154,0,0,40,0,0,0,99,0,0,cart,0,0,0,0,0,0,0,0,0,0,0,0,0,0,0,0,0,0,0,0,0	//MC_CHANGECART#チェンジカ?ト#
155,0,0,8,0,0,0,99,0,0,none,0,0,0,0,0,0,0,0,0,0,0,0,0,0,0,0,0,0,0,0,0	//MC_LOUD#ラウドボイス#
156,0,0,15,0,0,0,99,0,0,none,0,0,0,0,0,0,0,0,0,0,0,0,0,0,0,0,0,0,0,0,0	//AL_HOLYLIGHT#ホ?リ?ライト#
157,0,0,30,0,0,0,99,0,0,none,0,0,0,0,0,0,0,0,0,0,0,0,0,0,0,0,0,0,0,0,0	//MG_ENERGYCOAT#エナジ?コ?ト#
//==========================================

